fixation <- c(761, 888, 270, 123, 743, 82, 364, 1063, 143, 599, 45, 1101, 423, 923, 952, 1158, 815, 678, 224, 952, 720, 705, 1721, 955, 940, 375, 1209, 414, 261, 493, 841, 1006, 189, 1000, 607, 730, 1185, 762, 992, 597, 1455, 1283, 96, 992, 677, 956, 1136, 659, 391, 681, 673, 398, 1185, 380, 727, 934, 1289, 1455, 316, 739, 915, 911, 1115, 1037, 390, 306, 640, 758, 229, 502, 674, 1136, 1502, 578, 956, 675, 1021, 546, 1398, 690, 515, 870, 462, 730, 180, 1396, 1359, 1054, 1101, 264, 518, 736, 339, 1005, 307, 692, 763, 88, 996, 519, 518, 654, 929, 803, 347, 1660, 1500, 1234, 1112, 742, 1302, 465, 1400, 637, 1237, 1172, 548, 1360, 1302, 764, 248, 1095, 804, 221, 830, 194, 1185, 1144, 1099, 1414, 253, 563, 1060, 458, 1106, 656, 389, 484, 410, 961, 215, 1225, 1098, 1413, 1112, 742, 1302, 465, 1567, 637, 773, 760, 470, 802, 736, 730, 449, 681, 795, 438, 934, 404, 190, 934, 861, 1128, 891, 678, 1089, 458, 1136, 656, 389, 484, 705, 1040, 245, 1096, 969, 1252)
bug <- c("III","IV","V","VI","I","II","I","II","III","IV","V","VI","VI","I","II","III","IV","V","V","VI","I","II","III","IV","V","VI","I","II","III","IV","IV","V","VI","I","II","III","III","IV","V","VI","I","II","I","II","III","IV","V","VI","VI","I","II","III","IV","V","V","VI","I","II","III","IV","V","VI","I","II","III","IV","IV","V","VI","I","II","III","III","IV","V","VI","I","II","I","II","III","IV","V","VI","VI","I","II","III","IV","V","V","VI","I","II","III","IV","V","VI","I","II","III","IV","IV","V","VI","I","II","III","III","IV","V","VI","I","II","I","II","III","IV","V","VI","VI","I","II","III","IV","V","V","VI","I","II","III","IV","V","VI","I","II","III","IV","IV","V","VI","I","II","III","III","IV","V","VI","I","II","I","II","III","IV","V","VI","VI","I","II","III","IV","V","V","VI","I","II","III","IV","V","VI","I","II","III","IV","IV","V","VI","I","II","III")
caracteristic <- c("GI","GW","IAI","IAW","IEI","IEW","GW","IAI","IAW","IEI","IEW","GI","IAI","IAW","IEI","IEW","GI","GW","IAW","IEI","IEW","GI","GW","IAI","IEI","IEW","GI","GW","IAI","IAW","IEW","GI","GW","IAI","IAW","IEI","GI","GW","IAI","IAW","IEI","IEW","GW","IAI","IAW","IEI","IEW","GI","IAI","IAW","IEI","IEW","GI","GW","IAW","IEI","IEW","GI","GW","IAI","IEI","IEW","GI","GW","IAI","IAW","IEW","GI","GW","IAI","IAW","IEI","GI","GW","IAI","IAW","IEI","IEW","GW","IAI","IAW","IEI","IEW","GI","IAI","IAW","IEI","IEW","GI","GW","IAW","IEI","IEW","GI","GW","IAI","IEI","IEW","GI","GW","IAI","IAW","IEI","GI","GW","IAI","IAW","IEI","GI","GW","IAI","IAW","IEI","IEW","GW","IAI","IAW","IEI","IEW","GI","IAI","IAW","IEI","IEW","GI","GW","IAW","IEI","IEW","GI","GW","IAI","IEI","IEW","GI","GW","IAI","IAW","IEW","GI","GW","IAI","IAW","IEI","GI","GW","IAI","IAW","IEI","IEW","GW","IAI","IAW","IEI","IEW","GI","IAI","IAW","IEI","IEW","GI","GW","IAW","IEI","IEW","GI","GW","IAI","IEI","IEW","GI","GW","IAI","IAW","IEW","GI","GW","IAI","IAW","IEI")
group <- c("G1","G1","G1","G1","G1","G1","G2","G2","G2","G2","G2","G2","G3","G3","G3","G3","G3","G3","G4","G4","G4","G4","G4","G4","G5","G5","G5","G5","G5","G5","G6","G6","G6","G6","G6","G6","G1","G1","G1","G1","G1","G1","G2","G2","G2","G2","G2","G2","G3","G3","G3","G3","G3","G3","G4","G4","G4","G4","G4","G4","G5","G5","G5","G5","G5","G5","G6","G6","G6","G6","G6","G6","G1","G1","G1","G1","G1","G1","G2","G2","G2","G2","G2","G2","G3","G3","G3","G3","G3","G3","G4","G4","G4","G4","G4","G4","G5","G5","G5","G5","G5","G5","G6","G6","G6","G6","G6","G6","G1","G1","G1","G1","G1","G1","G2","G2","G2","G2","G2","G2","G3","G3","G3","G3","G3","G3","G4","G4","G4","G4","G4","G4","G5","G5","G5","G5","G5","G5","G6","G6","G6","G6","G6","G6","G1","G1","G1","G1","G1","G1","G2","G2","G2","G2","G2","G2","G3","G3","G3","G3","G3","G3","G4","G4","G4","G4","G4","G4","G5","G5","G5","G5","G5","G5","G6","G6","G6","G6","G6","G6")
LS <- data.frame(group, bug, caracteristic , fixation )

str(LS)
summary(LS)

LS.m1 <- tapply (fixation , caracteristic , mean)
LS.m1
LS.m2 <- tapply (fixation , bug, mean)
LS.m2

LS.av <- aov(fixation ~ caracteristic + group + bug)
anova(LS2.av)

TukeyHSD(LS.av)